{
 "cells": [
  {
   "cell_type": "markdown",
   "metadata": {},
   "source": [
    "# Julia Academy\n",
    "\n",
    "# 2. First Steps with DataFrames.jl\n",
    "\n",
    "**Bogumił Kamiński**\n",
    "\n",
    "**Source:** https://github.com/JuliaAcademy/DataFrames/blob/main/2.%20First%20steps%20with%20data%20frames.ipynb\n",
    "\n",
    "### Anscombe's Quartet Plot\n",
    "\n",
    "Anscombe's Quartet is a set of 4 datasets which despite having differently distributed data, they produce the same linear regression.\n",
    "\n",
    "![Anscombe's quartet](https://upload.wikimedia.org/wikipedia/commons/e/ec/Anscombe%27s_quartet_3.svg)\n",
    "\n",
    "(from: https://upload.wikimedia.org/wikipedia/commons/e/ec/Anscombe%27s_quartet_3.svg)\n"
   ]
  },
  {
   "cell_type": "markdown",
   "metadata": {},
   "source": [
    "First let's use the required packages:\n"
   ]
  },
  {
   "cell_type": "code",
   "execution_count": 1,
   "metadata": {},
   "outputs": [],
   "source": [
    "using DataFrames\n",
    "using Statistics\n",
    "using PyPlot\n",
    "using GLM"
   ]
  },
  {
   "cell_type": "markdown",
   "metadata": {},
   "source": [
    "We will store the data in the following matrix in which the columns represent $x_1$, $y_1$, $x_2$, $y_2$, ..., $y_4$."
   ]
  },
  {
   "cell_type": "code",
   "execution_count": 2,
   "metadata": {},
   "outputs": [],
   "source": [
    "aq = [10.0   8.04  10.0  9.14  10.0   7.46   8.0   6.58\n",
    "       8.0   6.95   8.0  8.14   8.0   6.77   8.0   5.76\n",
    "      13.0   7.58  13.0  8.74  13.0  12.74   8.0   7.71\n",
    "       9.0   8.81   9.0  8.77   9.0   7.11   8.0   8.84\n",
    "      11.0   8.33  11.0  9.26  11.0   7.81   8.0   8.47\n",
    "      14.0   9.96  14.0  8.1   14.0   8.84   8.0   7.04\n",
    "       6.0   7.24   6.0  6.13   6.0   6.08   8.0   5.25\n",
    "       4.0   4.26   4.0  3.1    4.0   5.39  19.0  12.50 \n",
    "      12.0  10.84  12.0  9.13  12.0   8.15   8.0   5.56\n",
    "       7.0   4.82   7.0  7.26   7.0   6.42   8.0   7.91\n",
    "       5.0   5.68   5.0  4.74   5.0   5.73   8.0   6.89];"
   ]
  },
  {
   "cell_type": "code",
   "execution_count": 3,
   "metadata": {},
   "outputs": [
    {
     "data": {
      "text/html": "<table class=\"data-frame\"><thead><tr><th></th><th>x1</th><th>x2</th><th>x3</th><th>x4</th><th>x5</th><th>x6</th><th>x7</th><th>x8</th></tr><tr><th></th><th>Float64</th><th>Float64</th><th>Float64</th><th>Float64</th><th>Float64</th><th>Float64</th><th>Float64</th><th>Float64</th></tr></thead><tbody><p>11 rows × 8 columns</p><tr><th>1</th><td>10.0</td><td>8.04</td><td>10.0</td><td>9.14</td><td>10.0</td><td>7.46</td><td>8.0</td><td>6.58</td></tr><tr><th>2</th><td>8.0</td><td>6.95</td><td>8.0</td><td>8.14</td><td>8.0</td><td>6.77</td><td>8.0</td><td>5.76</td></tr><tr><th>3</th><td>13.0</td><td>7.58</td><td>13.0</td><td>8.74</td><td>13.0</td><td>12.74</td><td>8.0</td><td>7.71</td></tr><tr><th>4</th><td>9.0</td><td>8.81</td><td>9.0</td><td>8.77</td><td>9.0</td><td>7.11</td><td>8.0</td><td>8.84</td></tr><tr><th>5</th><td>11.0</td><td>8.33</td><td>11.0</td><td>9.26</td><td>11.0</td><td>7.81</td><td>8.0</td><td>8.47</td></tr><tr><th>6</th><td>14.0</td><td>9.96</td><td>14.0</td><td>8.1</td><td>14.0</td><td>8.84</td><td>8.0</td><td>7.04</td></tr><tr><th>7</th><td>6.0</td><td>7.24</td><td>6.0</td><td>6.13</td><td>6.0</td><td>6.08</td><td>8.0</td><td>5.25</td></tr><tr><th>8</th><td>4.0</td><td>4.26</td><td>4.0</td><td>3.1</td><td>4.0</td><td>5.39</td><td>19.0</td><td>12.5</td></tr><tr><th>9</th><td>12.0</td><td>10.84</td><td>12.0</td><td>9.13</td><td>12.0</td><td>8.15</td><td>8.0</td><td>5.56</td></tr><tr><th>10</th><td>7.0</td><td>4.82</td><td>7.0</td><td>7.26</td><td>7.0</td><td>6.42</td><td>8.0</td><td>7.91</td></tr><tr><th>11</th><td>5.0</td><td>5.68</td><td>5.0</td><td>4.74</td><td>5.0</td><td>5.73</td><td>8.0</td><td>6.89</td></tr></tbody></table>",
      "text/latex": "\\begin{tabular}{r|cccccccc}\n\t& x1 & x2 & x3 & x4 & x5 & x6 & x7 & x8\\\\\n\t\\hline\n\t& Float64 & Float64 & Float64 & Float64 & Float64 & Float64 & Float64 & Float64\\\\\n\t\\hline\n\t1 & 10.0 & 8.04 & 10.0 & 9.14 & 10.0 & 7.46 & 8.0 & 6.58 \\\\\n\t2 & 8.0 & 6.95 & 8.0 & 8.14 & 8.0 & 6.77 & 8.0 & 5.76 \\\\\n\t3 & 13.0 & 7.58 & 13.0 & 8.74 & 13.0 & 12.74 & 8.0 & 7.71 \\\\\n\t4 & 9.0 & 8.81 & 9.0 & 8.77 & 9.0 & 7.11 & 8.0 & 8.84 \\\\\n\t5 & 11.0 & 8.33 & 11.0 & 9.26 & 11.0 & 7.81 & 8.0 & 8.47 \\\\\n\t6 & 14.0 & 9.96 & 14.0 & 8.1 & 14.0 & 8.84 & 8.0 & 7.04 \\\\\n\t7 & 6.0 & 7.24 & 6.0 & 6.13 & 6.0 & 6.08 & 8.0 & 5.25 \\\\\n\t8 & 4.0 & 4.26 & 4.0 & 3.1 & 4.0 & 5.39 & 19.0 & 12.5 \\\\\n\t9 & 12.0 & 10.84 & 12.0 & 9.13 & 12.0 & 8.15 & 8.0 & 5.56 \\\\\n\t10 & 7.0 & 4.82 & 7.0 & 7.26 & 7.0 & 6.42 & 8.0 & 7.91 \\\\\n\t11 & 5.0 & 5.68 & 5.0 & 4.74 & 5.0 & 5.73 & 8.0 & 6.89 \\\\\n\\end{tabular}\n",
      "text/plain": "\u001b[1m11×8 DataFrame\u001b[0m\n\u001b[1m Row \u001b[0m│\u001b[1m x1      \u001b[0m\u001b[1m x2      \u001b[0m\u001b[1m x3      \u001b[0m\u001b[1m x4      \u001b[0m\u001b[1m x5      \u001b[0m\u001b[1m x6      \u001b[0m\u001b[1m x7      \u001b[0m\u001b[1m x8      \u001b[0m\n\u001b[1m     \u001b[0m│\u001b[90m Float64 \u001b[0m\u001b[90m Float64 \u001b[0m\u001b[90m Float64 \u001b[0m\u001b[90m Float64 \u001b[0m\u001b[90m Float64 \u001b[0m\u001b[90m Float64 \u001b[0m\u001b[90m Float64 \u001b[0m\u001b[90m Float64 \u001b[0m\n─────┼────────────────────────────────────────────────────────────────────────\n   1 │    10.0     8.04     10.0     9.14     10.0     7.46      8.0     6.58\n   2 │     8.0     6.95      8.0     8.14      8.0     6.77      8.0     5.76\n   3 │    13.0     7.58     13.0     8.74     13.0    12.74      8.0     7.71\n   4 │     9.0     8.81      9.0     8.77      9.0     7.11      8.0     8.84\n   5 │    11.0     8.33     11.0     9.26     11.0     7.81      8.0     8.47\n   6 │    14.0     9.96     14.0     8.1      14.0     8.84      8.0     7.04\n   7 │     6.0     7.24      6.0     6.13      6.0     6.08      8.0     5.25\n   8 │     4.0     4.26      4.0     3.1       4.0     5.39     19.0    12.5\n   9 │    12.0    10.84     12.0     9.13     12.0     8.15      8.0     5.56\n  10 │     7.0     4.82      7.0     7.26      7.0     6.42      8.0     7.91\n  11 │     5.0     5.68      5.0     4.74      5.0     5.73      8.0     6.89"
     },
     "execution_count": 3,
     "metadata": {},
     "output_type": "execute_result"
    }
   ],
   "source": [
    "df = DataFrame(aq, :auto)\n"
   ]
  },
  {
   "cell_type": "markdown",
   "metadata": {},
   "source": [
    "Now we can replace the automatically generated column names matching the $x_i, y_i \\quad \\forall \\quad i \\ = 1...4$"
   ]
  },
  {
   "cell_type": "code",
   "execution_count": 4,
   "metadata": {},
   "outputs": [
    {
     "name": "stdout",
     "output_type": "stream",
     "text": [
      "[\"x1\", \"y1\", \"x2\", \"y2\", \"x3\", \"y3\", \"x4\", \"y4\"]\n"
     ]
    }
   ],
   "source": [
    "newnames = vec(string.([\"x\", \"y\"], [1 2 3 4]))\n",
    "println(newnames)"
   ]
  },
  {
   "cell_type": "markdown",
   "metadata": {},
   "source": [
    "Now we will modify the dataframe in place:"
   ]
  },
  {
   "cell_type": "code",
   "execution_count": 5,
   "metadata": {},
   "outputs": [
    {
     "data": {
      "text/html": "<table class=\"data-frame\"><thead><tr><th></th><th>x1</th><th>y1</th><th>x2</th><th>y2</th><th>x3</th><th>y3</th><th>x4</th><th>y4</th></tr><tr><th></th><th>Float64</th><th>Float64</th><th>Float64</th><th>Float64</th><th>Float64</th><th>Float64</th><th>Float64</th><th>Float64</th></tr></thead><tbody><p>11 rows × 8 columns</p><tr><th>1</th><td>10.0</td><td>8.04</td><td>10.0</td><td>9.14</td><td>10.0</td><td>7.46</td><td>8.0</td><td>6.58</td></tr><tr><th>2</th><td>8.0</td><td>6.95</td><td>8.0</td><td>8.14</td><td>8.0</td><td>6.77</td><td>8.0</td><td>5.76</td></tr><tr><th>3</th><td>13.0</td><td>7.58</td><td>13.0</td><td>8.74</td><td>13.0</td><td>12.74</td><td>8.0</td><td>7.71</td></tr><tr><th>4</th><td>9.0</td><td>8.81</td><td>9.0</td><td>8.77</td><td>9.0</td><td>7.11</td><td>8.0</td><td>8.84</td></tr><tr><th>5</th><td>11.0</td><td>8.33</td><td>11.0</td><td>9.26</td><td>11.0</td><td>7.81</td><td>8.0</td><td>8.47</td></tr><tr><th>6</th><td>14.0</td><td>9.96</td><td>14.0</td><td>8.1</td><td>14.0</td><td>8.84</td><td>8.0</td><td>7.04</td></tr><tr><th>7</th><td>6.0</td><td>7.24</td><td>6.0</td><td>6.13</td><td>6.0</td><td>6.08</td><td>8.0</td><td>5.25</td></tr><tr><th>8</th><td>4.0</td><td>4.26</td><td>4.0</td><td>3.1</td><td>4.0</td><td>5.39</td><td>19.0</td><td>12.5</td></tr><tr><th>9</th><td>12.0</td><td>10.84</td><td>12.0</td><td>9.13</td><td>12.0</td><td>8.15</td><td>8.0</td><td>5.56</td></tr><tr><th>10</th><td>7.0</td><td>4.82</td><td>7.0</td><td>7.26</td><td>7.0</td><td>6.42</td><td>8.0</td><td>7.91</td></tr><tr><th>11</th><td>5.0</td><td>5.68</td><td>5.0</td><td>4.74</td><td>5.0</td><td>5.73</td><td>8.0</td><td>6.89</td></tr></tbody></table>",
      "text/latex": "\\begin{tabular}{r|cccccccc}\n\t& x1 & y1 & x2 & y2 & x3 & y3 & x4 & y4\\\\\n\t\\hline\n\t& Float64 & Float64 & Float64 & Float64 & Float64 & Float64 & Float64 & Float64\\\\\n\t\\hline\n\t1 & 10.0 & 8.04 & 10.0 & 9.14 & 10.0 & 7.46 & 8.0 & 6.58 \\\\\n\t2 & 8.0 & 6.95 & 8.0 & 8.14 & 8.0 & 6.77 & 8.0 & 5.76 \\\\\n\t3 & 13.0 & 7.58 & 13.0 & 8.74 & 13.0 & 12.74 & 8.0 & 7.71 \\\\\n\t4 & 9.0 & 8.81 & 9.0 & 8.77 & 9.0 & 7.11 & 8.0 & 8.84 \\\\\n\t5 & 11.0 & 8.33 & 11.0 & 9.26 & 11.0 & 7.81 & 8.0 & 8.47 \\\\\n\t6 & 14.0 & 9.96 & 14.0 & 8.1 & 14.0 & 8.84 & 8.0 & 7.04 \\\\\n\t7 & 6.0 & 7.24 & 6.0 & 6.13 & 6.0 & 6.08 & 8.0 & 5.25 \\\\\n\t8 & 4.0 & 4.26 & 4.0 & 3.1 & 4.0 & 5.39 & 19.0 & 12.5 \\\\\n\t9 & 12.0 & 10.84 & 12.0 & 9.13 & 12.0 & 8.15 & 8.0 & 5.56 \\\\\n\t10 & 7.0 & 4.82 & 7.0 & 7.26 & 7.0 & 6.42 & 8.0 & 7.91 \\\\\n\t11 & 5.0 & 5.68 & 5.0 & 4.74 & 5.0 & 5.73 & 8.0 & 6.89 \\\\\n\\end{tabular}\n",
      "text/plain": "\u001b[1m11×8 DataFrame\u001b[0m\n\u001b[1m Row \u001b[0m│\u001b[1m x1      \u001b[0m\u001b[1m y1      \u001b[0m\u001b[1m x2      \u001b[0m\u001b[1m y2      \u001b[0m\u001b[1m x3      \u001b[0m\u001b[1m y3      \u001b[0m\u001b[1m x4      \u001b[0m\u001b[1m y4      \u001b[0m\n\u001b[1m     \u001b[0m│\u001b[90m Float64 \u001b[0m\u001b[90m Float64 \u001b[0m\u001b[90m Float64 \u001b[0m\u001b[90m Float64 \u001b[0m\u001b[90m Float64 \u001b[0m\u001b[90m Float64 \u001b[0m\u001b[90m Float64 \u001b[0m\u001b[90m Float64 \u001b[0m\n─────┼────────────────────────────────────────────────────────────────────────\n   1 │    10.0     8.04     10.0     9.14     10.0     7.46      8.0     6.58\n   2 │     8.0     6.95      8.0     8.14      8.0     6.77      8.0     5.76\n   3 │    13.0     7.58     13.0     8.74     13.0    12.74      8.0     7.71\n   4 │     9.0     8.81      9.0     8.77      9.0     7.11      8.0     8.84\n   5 │    11.0     8.33     11.0     9.26     11.0     7.81      8.0     8.47\n   6 │    14.0     9.96     14.0     8.1      14.0     8.84      8.0     7.04\n   7 │     6.0     7.24      6.0     6.13      6.0     6.08      8.0     5.25\n   8 │     4.0     4.26      4.0     3.1       4.0     5.39     19.0    12.5\n   9 │    12.0    10.84     12.0     9.13     12.0     8.15      8.0     5.56\n  10 │     7.0     4.82      7.0     7.26      7.0     6.42      8.0     7.91\n  11 │     5.0     5.68      5.0     4.74      5.0     5.73      8.0     6.89"
     },
     "execution_count": 5,
     "metadata": {},
     "output_type": "execute_result"
    }
   ],
   "source": [
    "rename!(df, newnames)"
   ]
  },
  {
   "cell_type": "markdown",
   "metadata": {},
   "source": [
    "We can use the column names to extract vectors from the dataframe:"
   ]
  },
  {
   "cell_type": "code",
   "execution_count": 6,
   "metadata": {},
   "outputs": [
    {
     "data": {
      "text/plain": "11-element Array{Float64,1}:\n  8.04\n  6.95\n  7.58\n  8.81\n  8.33\n  9.96\n  7.24\n  4.26\n 10.84\n  4.82\n  5.68"
     },
     "execution_count": 6,
     "metadata": {},
     "output_type": "execute_result"
    }
   ],
   "source": [
    "df.y1"
   ]
  },
  {
   "cell_type": "markdown",
   "metadata": {},
   "source": [
    "Alternatively we can use array-style indexing:"
   ]
  },
  {
   "cell_type": "code",
   "execution_count": 7,
   "metadata": {},
   "outputs": [
    {
     "data": {
      "text/plain": "11-element Array{Float64,1}:\n  8.04\n  6.95\n  7.58\n  8.81\n  8.33\n  9.96\n  7.24\n  4.26\n 10.84\n  4.82\n  5.68"
     },
     "execution_count": 7,
     "metadata": {},
     "output_type": "execute_result"
    }
   ],
   "source": [
    "df[:, \"y1\"]"
   ]
  },
  {
   "cell_type": "markdown",
   "metadata": {},
   "source": [
    "Or if we want to express $y1$ symbolically:"
   ]
  },
  {
   "cell_type": "code",
   "execution_count": 8,
   "metadata": {},
   "outputs": [
    {
     "data": {
      "text/plain": "11-element Array{Float64,1}:\n  8.04\n  6.95\n  7.58\n  8.81\n  8.33\n  9.96\n  7.24\n  4.26\n 10.84\n  4.82\n  5.68"
     },
     "execution_count": 8,
     "metadata": {},
     "output_type": "execute_result"
    }
   ],
   "source": [
    "df[:, :y1]"
   ]
  },
  {
   "cell_type": "markdown",
   "metadata": {},
   "source": [
    "Suppose we wanted to select all the x-columns. We can use the `select` function with a regular expression. We can use the `:` symbol to select all the remaining columns which in this case will be the y-columns. This will have the effect of reordering the columns as : $x_1,\\ ...\\ ,\\ x_4,\\ y_1,\\ ...\\ ,\\ y_4$. We will modify the dataframe in place for now:"
   ]
  },
  {
   "cell_type": "code",
   "execution_count": 9,
   "metadata": {},
   "outputs": [
    {
     "data": {
      "text/html": "<table class=\"data-frame\"><thead><tr><th></th><th>x1</th><th>x2</th><th>x3</th><th>x4</th><th>y1</th><th>y2</th><th>y3</th><th>y4</th></tr><tr><th></th><th>Float64</th><th>Float64</th><th>Float64</th><th>Float64</th><th>Float64</th><th>Float64</th><th>Float64</th><th>Float64</th></tr></thead><tbody><p>11 rows × 8 columns</p><tr><th>1</th><td>10.0</td><td>10.0</td><td>10.0</td><td>8.0</td><td>8.04</td><td>9.14</td><td>7.46</td><td>6.58</td></tr><tr><th>2</th><td>8.0</td><td>8.0</td><td>8.0</td><td>8.0</td><td>6.95</td><td>8.14</td><td>6.77</td><td>5.76</td></tr><tr><th>3</th><td>13.0</td><td>13.0</td><td>13.0</td><td>8.0</td><td>7.58</td><td>8.74</td><td>12.74</td><td>7.71</td></tr><tr><th>4</th><td>9.0</td><td>9.0</td><td>9.0</td><td>8.0</td><td>8.81</td><td>8.77</td><td>7.11</td><td>8.84</td></tr><tr><th>5</th><td>11.0</td><td>11.0</td><td>11.0</td><td>8.0</td><td>8.33</td><td>9.26</td><td>7.81</td><td>8.47</td></tr><tr><th>6</th><td>14.0</td><td>14.0</td><td>14.0</td><td>8.0</td><td>9.96</td><td>8.1</td><td>8.84</td><td>7.04</td></tr><tr><th>7</th><td>6.0</td><td>6.0</td><td>6.0</td><td>8.0</td><td>7.24</td><td>6.13</td><td>6.08</td><td>5.25</td></tr><tr><th>8</th><td>4.0</td><td>4.0</td><td>4.0</td><td>19.0</td><td>4.26</td><td>3.1</td><td>5.39</td><td>12.5</td></tr><tr><th>9</th><td>12.0</td><td>12.0</td><td>12.0</td><td>8.0</td><td>10.84</td><td>9.13</td><td>8.15</td><td>5.56</td></tr><tr><th>10</th><td>7.0</td><td>7.0</td><td>7.0</td><td>8.0</td><td>4.82</td><td>7.26</td><td>6.42</td><td>7.91</td></tr><tr><th>11</th><td>5.0</td><td>5.0</td><td>5.0</td><td>8.0</td><td>5.68</td><td>4.74</td><td>5.73</td><td>6.89</td></tr></tbody></table>",
      "text/latex": "\\begin{tabular}{r|cccccccc}\n\t& x1 & x2 & x3 & x4 & y1 & y2 & y3 & y4\\\\\n\t\\hline\n\t& Float64 & Float64 & Float64 & Float64 & Float64 & Float64 & Float64 & Float64\\\\\n\t\\hline\n\t1 & 10.0 & 10.0 & 10.0 & 8.0 & 8.04 & 9.14 & 7.46 & 6.58 \\\\\n\t2 & 8.0 & 8.0 & 8.0 & 8.0 & 6.95 & 8.14 & 6.77 & 5.76 \\\\\n\t3 & 13.0 & 13.0 & 13.0 & 8.0 & 7.58 & 8.74 & 12.74 & 7.71 \\\\\n\t4 & 9.0 & 9.0 & 9.0 & 8.0 & 8.81 & 8.77 & 7.11 & 8.84 \\\\\n\t5 & 11.0 & 11.0 & 11.0 & 8.0 & 8.33 & 9.26 & 7.81 & 8.47 \\\\\n\t6 & 14.0 & 14.0 & 14.0 & 8.0 & 9.96 & 8.1 & 8.84 & 7.04 \\\\\n\t7 & 6.0 & 6.0 & 6.0 & 8.0 & 7.24 & 6.13 & 6.08 & 5.25 \\\\\n\t8 & 4.0 & 4.0 & 4.0 & 19.0 & 4.26 & 3.1 & 5.39 & 12.5 \\\\\n\t9 & 12.0 & 12.0 & 12.0 & 8.0 & 10.84 & 9.13 & 8.15 & 5.56 \\\\\n\t10 & 7.0 & 7.0 & 7.0 & 8.0 & 4.82 & 7.26 & 6.42 & 7.91 \\\\\n\t11 & 5.0 & 5.0 & 5.0 & 8.0 & 5.68 & 4.74 & 5.73 & 6.89 \\\\\n\\end{tabular}\n",
      "text/plain": "\u001b[1m11×8 DataFrame\u001b[0m\n\u001b[1m Row \u001b[0m│\u001b[1m x1      \u001b[0m\u001b[1m x2      \u001b[0m\u001b[1m x3      \u001b[0m\u001b[1m x4      \u001b[0m\u001b[1m y1      \u001b[0m\u001b[1m y2      \u001b[0m\u001b[1m y3      \u001b[0m\u001b[1m y4      \u001b[0m\n\u001b[1m     \u001b[0m│\u001b[90m Float64 \u001b[0m\u001b[90m Float64 \u001b[0m\u001b[90m Float64 \u001b[0m\u001b[90m Float64 \u001b[0m\u001b[90m Float64 \u001b[0m\u001b[90m Float64 \u001b[0m\u001b[90m Float64 \u001b[0m\u001b[90m Float64 \u001b[0m\n─────┼────────────────────────────────────────────────────────────────────────\n   1 │    10.0     10.0     10.0      8.0     8.04     9.14     7.46     6.58\n   2 │     8.0      8.0      8.0      8.0     6.95     8.14     6.77     5.76\n   3 │    13.0     13.0     13.0      8.0     7.58     8.74    12.74     7.71\n   4 │     9.0      9.0      9.0      8.0     8.81     8.77     7.11     8.84\n   5 │    11.0     11.0     11.0      8.0     8.33     9.26     7.81     8.47\n   6 │    14.0     14.0     14.0      8.0     9.96     8.1      8.84     7.04\n   7 │     6.0      6.0      6.0      8.0     7.24     6.13     6.08     5.25\n   8 │     4.0      4.0      4.0     19.0     4.26     3.1      5.39    12.5\n   9 │    12.0     12.0     12.0      8.0    10.84     9.13     8.15     5.56\n  10 │     7.0      7.0      7.0      8.0     4.82     7.26     6.42     7.91\n  11 │     5.0      5.0      5.0      8.0     5.68     4.74     5.73     6.89"
     },
     "execution_count": 9,
     "metadata": {},
     "output_type": "execute_result"
    }
   ],
   "source": [
    "select!(df, r\"x\", :)"
   ]
  },
  {
   "cell_type": "markdown",
   "metadata": {},
   "source": [
    "## Summarizing a Dataframe\n",
    "\n",
    "We can summarize a dataframe using the `describe` function. A key feature of Anscombe's quartet is that all the $x$ and $y$ variables have the same mean and variance:"
   ]
  },
  {
   "cell_type": "code",
   "execution_count": 10,
   "metadata": {},
   "outputs": [
    {
     "data": {
      "text/html": "<table class=\"data-frame\"><thead><tr><th></th><th>variable</th><th>mean</th><th>std</th></tr><tr><th></th><th>Symbol</th><th>Float64</th><th>Float64</th></tr></thead><tbody><p>8 rows × 3 columns</p><tr><th>1</th><td>x1</td><td>9.0</td><td>3.31662</td></tr><tr><th>2</th><td>x2</td><td>9.0</td><td>3.31662</td></tr><tr><th>3</th><td>x3</td><td>9.0</td><td>3.31662</td></tr><tr><th>4</th><td>x4</td><td>9.0</td><td>3.31662</td></tr><tr><th>5</th><td>y1</td><td>7.50091</td><td>2.03157</td></tr><tr><th>6</th><td>y2</td><td>7.50091</td><td>2.03166</td></tr><tr><th>7</th><td>y3</td><td>7.5</td><td>2.03042</td></tr><tr><th>8</th><td>y4</td><td>7.50091</td><td>2.03058</td></tr></tbody></table>",
      "text/latex": "\\begin{tabular}{r|ccc}\n\t& variable & mean & std\\\\\n\t\\hline\n\t& Symbol & Float64 & Float64\\\\\n\t\\hline\n\t1 & x1 & 9.0 & 3.31662 \\\\\n\t2 & x2 & 9.0 & 3.31662 \\\\\n\t3 & x3 & 9.0 & 3.31662 \\\\\n\t4 & x4 & 9.0 & 3.31662 \\\\\n\t5 & y1 & 7.50091 & 2.03157 \\\\\n\t6 & y2 & 7.50091 & 2.03166 \\\\\n\t7 & y3 & 7.5 & 2.03042 \\\\\n\t8 & y4 & 7.50091 & 2.03058 \\\\\n\\end{tabular}\n",
      "text/plain": "\u001b[1m8×3 DataFrame\u001b[0m\n\u001b[1m Row \u001b[0m│\u001b[1m variable \u001b[0m\u001b[1m mean    \u001b[0m\u001b[1m std     \u001b[0m\n\u001b[1m     \u001b[0m│\u001b[90m Symbol   \u001b[0m\u001b[90m Float64 \u001b[0m\u001b[90m Float64 \u001b[0m\n─────┼────────────────────────────\n   1 │ x1        9.0      3.31662\n   2 │ x2        9.0      3.31662\n   3 │ x3        9.0      3.31662\n   4 │ x4        9.0      3.31662\n   5 │ y1        7.50091  2.03157\n   6 │ y2        7.50091  2.03166\n   7 │ y3        7.5      2.03042\n   8 │ y4        7.50091  2.03058"
     },
     "execution_count": 10,
     "metadata": {},
     "output_type": "execute_result"
    }
   ],
   "source": [
    "describe(df, mean => \"mean\", std => \"std\") "
   ]
  },
  {
   "cell_type": "markdown",
   "metadata": {},
   "source": [
    "We can easily get the number of rows and columns:"
   ]
  },
  {
   "cell_type": "code",
   "execution_count": 11,
   "metadata": {},
   "outputs": [
    {
     "data": {
      "text/plain": "11"
     },
     "execution_count": 11,
     "metadata": {},
     "output_type": "execute_result"
    }
   ],
   "source": [
    "nrow(df)"
   ]
  },
  {
   "cell_type": "code",
   "execution_count": 12,
   "metadata": {},
   "outputs": [
    {
     "data": {
      "text/plain": "8"
     },
     "execution_count": 12,
     "metadata": {},
     "output_type": "execute_result"
    }
   ],
   "source": [
    "ncol(df)"
   ]
  },
  {
   "cell_type": "markdown",
   "metadata": {},
   "source": [
    "Let's create an \"ID\" column to use as an index:"
   ]
  },
  {
   "cell_type": "code",
   "execution_count": 13,
   "metadata": {},
   "outputs": [
    {
     "data": {
      "text/html": "<table class=\"data-frame\"><thead><tr><th></th><th>x1</th><th>x2</th><th>x3</th><th>x4</th><th>y1</th><th>y2</th><th>y3</th><th>y4</th><th>id</th></tr><tr><th></th><th>Float64</th><th>Float64</th><th>Float64</th><th>Float64</th><th>Float64</th><th>Float64</th><th>Float64</th><th>Float64</th><th>Int64</th></tr></thead><tbody><p>11 rows × 9 columns</p><tr><th>1</th><td>10.0</td><td>10.0</td><td>10.0</td><td>8.0</td><td>8.04</td><td>9.14</td><td>7.46</td><td>6.58</td><td>1</td></tr><tr><th>2</th><td>8.0</td><td>8.0</td><td>8.0</td><td>8.0</td><td>6.95</td><td>8.14</td><td>6.77</td><td>5.76</td><td>2</td></tr><tr><th>3</th><td>13.0</td><td>13.0</td><td>13.0</td><td>8.0</td><td>7.58</td><td>8.74</td><td>12.74</td><td>7.71</td><td>3</td></tr><tr><th>4</th><td>9.0</td><td>9.0</td><td>9.0</td><td>8.0</td><td>8.81</td><td>8.77</td><td>7.11</td><td>8.84</td><td>4</td></tr><tr><th>5</th><td>11.0</td><td>11.0</td><td>11.0</td><td>8.0</td><td>8.33</td><td>9.26</td><td>7.81</td><td>8.47</td><td>5</td></tr><tr><th>6</th><td>14.0</td><td>14.0</td><td>14.0</td><td>8.0</td><td>9.96</td><td>8.1</td><td>8.84</td><td>7.04</td><td>6</td></tr><tr><th>7</th><td>6.0</td><td>6.0</td><td>6.0</td><td>8.0</td><td>7.24</td><td>6.13</td><td>6.08</td><td>5.25</td><td>7</td></tr><tr><th>8</th><td>4.0</td><td>4.0</td><td>4.0</td><td>19.0</td><td>4.26</td><td>3.1</td><td>5.39</td><td>12.5</td><td>8</td></tr><tr><th>9</th><td>12.0</td><td>12.0</td><td>12.0</td><td>8.0</td><td>10.84</td><td>9.13</td><td>8.15</td><td>5.56</td><td>9</td></tr><tr><th>10</th><td>7.0</td><td>7.0</td><td>7.0</td><td>8.0</td><td>4.82</td><td>7.26</td><td>6.42</td><td>7.91</td><td>10</td></tr><tr><th>11</th><td>5.0</td><td>5.0</td><td>5.0</td><td>8.0</td><td>5.68</td><td>4.74</td><td>5.73</td><td>6.89</td><td>11</td></tr></tbody></table>",
      "text/latex": "\\begin{tabular}{r|ccccccccc}\n\t& x1 & x2 & x3 & x4 & y1 & y2 & y3 & y4 & id\\\\\n\t\\hline\n\t& Float64 & Float64 & Float64 & Float64 & Float64 & Float64 & Float64 & Float64 & Int64\\\\\n\t\\hline\n\t1 & 10.0 & 10.0 & 10.0 & 8.0 & 8.04 & 9.14 & 7.46 & 6.58 & 1 \\\\\n\t2 & 8.0 & 8.0 & 8.0 & 8.0 & 6.95 & 8.14 & 6.77 & 5.76 & 2 \\\\\n\t3 & 13.0 & 13.0 & 13.0 & 8.0 & 7.58 & 8.74 & 12.74 & 7.71 & 3 \\\\\n\t4 & 9.0 & 9.0 & 9.0 & 8.0 & 8.81 & 8.77 & 7.11 & 8.84 & 4 \\\\\n\t5 & 11.0 & 11.0 & 11.0 & 8.0 & 8.33 & 9.26 & 7.81 & 8.47 & 5 \\\\\n\t6 & 14.0 & 14.0 & 14.0 & 8.0 & 9.96 & 8.1 & 8.84 & 7.04 & 6 \\\\\n\t7 & 6.0 & 6.0 & 6.0 & 8.0 & 7.24 & 6.13 & 6.08 & 5.25 & 7 \\\\\n\t8 & 4.0 & 4.0 & 4.0 & 19.0 & 4.26 & 3.1 & 5.39 & 12.5 & 8 \\\\\n\t9 & 12.0 & 12.0 & 12.0 & 8.0 & 10.84 & 9.13 & 8.15 & 5.56 & 9 \\\\\n\t10 & 7.0 & 7.0 & 7.0 & 8.0 & 4.82 & 7.26 & 6.42 & 7.91 & 10 \\\\\n\t11 & 5.0 & 5.0 & 5.0 & 8.0 & 5.68 & 4.74 & 5.73 & 6.89 & 11 \\\\\n\\end{tabular}\n",
      "text/plain": "\u001b[1m11×9 DataFrame\u001b[0m\n\u001b[1m Row \u001b[0m│\u001b[1m x1      \u001b[0m\u001b[1m x2      \u001b[0m\u001b[1m x3      \u001b[0m\u001b[1m x4      \u001b[0m\u001b[1m y1      \u001b[0m\u001b[1m y2      \u001b[0m\u001b[1m y3      \u001b[0m\u001b[1m y4      \u001b[0m\u001b[1m\u001b[0m ⋯\n\u001b[1m     \u001b[0m│\u001b[90m Float64 \u001b[0m\u001b[90m Float64 \u001b[0m\u001b[90m Float64 \u001b[0m\u001b[90m Float64 \u001b[0m\u001b[90m Float64 \u001b[0m\u001b[90m Float64 \u001b[0m\u001b[90m Float64 \u001b[0m\u001b[90m Float64 \u001b[0m\u001b[90m\u001b[0m ⋯\n─────┼──────────────────────────────────────────────────────────────────────────\n   1 │    10.0     10.0     10.0      8.0     8.04     9.14     7.46     6.58  ⋯\n   2 │     8.0      8.0      8.0      8.0     6.95     8.14     6.77     5.76\n   3 │    13.0     13.0     13.0      8.0     7.58     8.74    12.74     7.71\n   4 │     9.0      9.0      9.0      8.0     8.81     8.77     7.11     8.84\n   5 │    11.0     11.0     11.0      8.0     8.33     9.26     7.81     8.47  ⋯\n   6 │    14.0     14.0     14.0      8.0     9.96     8.1      8.84     7.04\n   7 │     6.0      6.0      6.0      8.0     7.24     6.13     6.08     5.25\n   8 │     4.0      4.0      4.0     19.0     4.26     3.1      5.39    12.5\n   9 │    12.0     12.0     12.0      8.0    10.84     9.13     8.15     5.56  ⋯\n  10 │     7.0      7.0      7.0      8.0     4.82     7.26     6.42     7.91\n  11 │     5.0      5.0      5.0      8.0     5.68     4.74     5.73     6.89\n\u001b[31m                                                                1 column omitted\u001b[0m"
     },
     "execution_count": 13,
     "metadata": {},
     "output_type": "execute_result"
    }
   ],
   "source": [
    "df.\"id\" = 1:nrow(df)\n",
    "df\n"
   ]
  },
  {
   "cell_type": "markdown",
   "metadata": {},
   "source": [
    "And now we can easily move the `\"id\"` column to the front using `select!`: "
   ]
  },
  {
   "cell_type": "code",
   "execution_count": 14,
   "metadata": {},
   "outputs": [
    {
     "data": {
      "text/html": "<table class=\"data-frame\"><thead><tr><th></th><th>id</th><th>x1</th><th>x2</th><th>x3</th><th>x4</th><th>y1</th><th>y2</th><th>y3</th><th>y4</th></tr><tr><th></th><th>Int64</th><th>Float64</th><th>Float64</th><th>Float64</th><th>Float64</th><th>Float64</th><th>Float64</th><th>Float64</th><th>Float64</th></tr></thead><tbody><p>11 rows × 9 columns</p><tr><th>1</th><td>1</td><td>10.0</td><td>10.0</td><td>10.0</td><td>8.0</td><td>8.04</td><td>9.14</td><td>7.46</td><td>6.58</td></tr><tr><th>2</th><td>2</td><td>8.0</td><td>8.0</td><td>8.0</td><td>8.0</td><td>6.95</td><td>8.14</td><td>6.77</td><td>5.76</td></tr><tr><th>3</th><td>3</td><td>13.0</td><td>13.0</td><td>13.0</td><td>8.0</td><td>7.58</td><td>8.74</td><td>12.74</td><td>7.71</td></tr><tr><th>4</th><td>4</td><td>9.0</td><td>9.0</td><td>9.0</td><td>8.0</td><td>8.81</td><td>8.77</td><td>7.11</td><td>8.84</td></tr><tr><th>5</th><td>5</td><td>11.0</td><td>11.0</td><td>11.0</td><td>8.0</td><td>8.33</td><td>9.26</td><td>7.81</td><td>8.47</td></tr><tr><th>6</th><td>6</td><td>14.0</td><td>14.0</td><td>14.0</td><td>8.0</td><td>9.96</td><td>8.1</td><td>8.84</td><td>7.04</td></tr><tr><th>7</th><td>7</td><td>6.0</td><td>6.0</td><td>6.0</td><td>8.0</td><td>7.24</td><td>6.13</td><td>6.08</td><td>5.25</td></tr><tr><th>8</th><td>8</td><td>4.0</td><td>4.0</td><td>4.0</td><td>19.0</td><td>4.26</td><td>3.1</td><td>5.39</td><td>12.5</td></tr><tr><th>9</th><td>9</td><td>12.0</td><td>12.0</td><td>12.0</td><td>8.0</td><td>10.84</td><td>9.13</td><td>8.15</td><td>5.56</td></tr><tr><th>10</th><td>10</td><td>7.0</td><td>7.0</td><td>7.0</td><td>8.0</td><td>4.82</td><td>7.26</td><td>6.42</td><td>7.91</td></tr><tr><th>11</th><td>11</td><td>5.0</td><td>5.0</td><td>5.0</td><td>8.0</td><td>5.68</td><td>4.74</td><td>5.73</td><td>6.89</td></tr></tbody></table>",
      "text/latex": "\\begin{tabular}{r|ccccccccc}\n\t& id & x1 & x2 & x3 & x4 & y1 & y2 & y3 & y4\\\\\n\t\\hline\n\t& Int64 & Float64 & Float64 & Float64 & Float64 & Float64 & Float64 & Float64 & Float64\\\\\n\t\\hline\n\t1 & 1 & 10.0 & 10.0 & 10.0 & 8.0 & 8.04 & 9.14 & 7.46 & 6.58 \\\\\n\t2 & 2 & 8.0 & 8.0 & 8.0 & 8.0 & 6.95 & 8.14 & 6.77 & 5.76 \\\\\n\t3 & 3 & 13.0 & 13.0 & 13.0 & 8.0 & 7.58 & 8.74 & 12.74 & 7.71 \\\\\n\t4 & 4 & 9.0 & 9.0 & 9.0 & 8.0 & 8.81 & 8.77 & 7.11 & 8.84 \\\\\n\t5 & 5 & 11.0 & 11.0 & 11.0 & 8.0 & 8.33 & 9.26 & 7.81 & 8.47 \\\\\n\t6 & 6 & 14.0 & 14.0 & 14.0 & 8.0 & 9.96 & 8.1 & 8.84 & 7.04 \\\\\n\t7 & 7 & 6.0 & 6.0 & 6.0 & 8.0 & 7.24 & 6.13 & 6.08 & 5.25 \\\\\n\t8 & 8 & 4.0 & 4.0 & 4.0 & 19.0 & 4.26 & 3.1 & 5.39 & 12.5 \\\\\n\t9 & 9 & 12.0 & 12.0 & 12.0 & 8.0 & 10.84 & 9.13 & 8.15 & 5.56 \\\\\n\t10 & 10 & 7.0 & 7.0 & 7.0 & 8.0 & 4.82 & 7.26 & 6.42 & 7.91 \\\\\n\t11 & 11 & 5.0 & 5.0 & 5.0 & 8.0 & 5.68 & 4.74 & 5.73 & 6.89 \\\\\n\\end{tabular}\n",
      "text/plain": "\u001b[1m11×9 DataFrame\u001b[0m\n\u001b[1m Row \u001b[0m│\u001b[1m id    \u001b[0m\u001b[1m x1      \u001b[0m\u001b[1m x2      \u001b[0m\u001b[1m x3      \u001b[0m\u001b[1m x4      \u001b[0m\u001b[1m y1      \u001b[0m\u001b[1m y2      \u001b[0m\u001b[1m y3      \u001b[0m\u001b[1m y\u001b[0m ⋯\n\u001b[1m     \u001b[0m│\u001b[90m Int64 \u001b[0m\u001b[90m Float64 \u001b[0m\u001b[90m Float64 \u001b[0m\u001b[90m Float64 \u001b[0m\u001b[90m Float64 \u001b[0m\u001b[90m Float64 \u001b[0m\u001b[90m Float64 \u001b[0m\u001b[90m Float64 \u001b[0m\u001b[90m F\u001b[0m ⋯\n─────┼──────────────────────────────────────────────────────────────────────────\n   1 │     1     10.0     10.0     10.0      8.0     8.04     9.14     7.46  6 ⋯\n   2 │     2      8.0      8.0      8.0      8.0     6.95     8.14     6.77  5\n   3 │     3     13.0     13.0     13.0      8.0     7.58     8.74    12.74  7\n   4 │     4      9.0      9.0      9.0      8.0     8.81     8.77     7.11  8\n   5 │     5     11.0     11.0     11.0      8.0     8.33     9.26     7.81  8 ⋯\n   6 │     6     14.0     14.0     14.0      8.0     9.96     8.1      8.84  7\n   7 │     7      6.0      6.0      6.0      8.0     7.24     6.13     6.08  5\n   8 │     8      4.0      4.0      4.0     19.0     4.26     3.1      5.39  1\n   9 │     9     12.0     12.0     12.0      8.0    10.84     9.13     8.15  5 ⋯\n  10 │    10      7.0      7.0      7.0      8.0     4.82     7.26     6.42  7\n  11 │    11      5.0      5.0      5.0      8.0     5.68     4.74     5.73  6\n\u001b[31m                                                                1 column omitted\u001b[0m"
     },
     "execution_count": 14,
     "metadata": {},
     "output_type": "execute_result"
    }
   ],
   "source": [
    "select!(df, \"id\", :)"
   ]
  },
  {
   "cell_type": "markdown",
   "metadata": {},
   "source": [
    "Btw we can convert a dataframe back to a matrix using the `Matrix` constructor:"
   ]
  },
  {
   "cell_type": "code",
   "execution_count": 15,
   "metadata": {},
   "outputs": [
    {
     "data": {
      "text/plain": "11×9 Array{Float64,2}:\n  1.0  10.0  10.0  10.0   8.0   8.04  9.14   7.46   6.58\n  2.0   8.0   8.0   8.0   8.0   6.95  8.14   6.77   5.76\n  3.0  13.0  13.0  13.0   8.0   7.58  8.74  12.74   7.71\n  4.0   9.0   9.0   9.0   8.0   8.81  8.77   7.11   8.84\n  5.0  11.0  11.0  11.0   8.0   8.33  9.26   7.81   8.47\n  6.0  14.0  14.0  14.0   8.0   9.96  8.1    8.84   7.04\n  7.0   6.0   6.0   6.0   8.0   7.24  6.13   6.08   5.25\n  8.0   4.0   4.0   4.0  19.0   4.26  3.1    5.39  12.5\n  9.0  12.0  12.0  12.0   8.0  10.84  9.13   8.15   5.56\n 10.0   7.0   7.0   7.0   8.0   4.82  7.26   6.42   7.91\n 11.0   5.0   5.0   5.0   8.0   5.68  4.74   5.73   6.89"
     },
     "execution_count": 15,
     "metadata": {},
     "output_type": "execute_result"
    }
   ],
   "source": [
    "Matrix(df)"
   ]
  },
  {
   "cell_type": "markdown",
   "metadata": {},
   "source": [
    "This conversion can be convenient for performing computations on the data using array operations. For example to produce the plots we will want to ensure that each plot has the same x and y limits regardless of the dataset. We can easily do this by calling the `extrema` function on a matrix representation of the x and y columns:"
   ]
  },
  {
   "cell_type": "code",
   "execution_count": 16,
   "metadata": {},
   "outputs": [
    {
     "data": {
      "text/plain": "2-element Array{Float64,1}:\n  3.0\n 20.0"
     },
     "execution_count": 16,
     "metadata": {},
     "output_type": "execute_result"
    }
   ],
   "source": [
    "xlims = collect( extrema(Matrix(select(df, r\"x\"))) .+ (-1, 1) )"
   ]
  },
  {
   "cell_type": "code",
   "execution_count": 17,
   "metadata": {},
   "outputs": [
    {
     "data": {
      "text/plain": "2-element Array{Float64,1}:\n  2.1\n 13.74"
     },
     "execution_count": 17,
     "metadata": {},
     "output_type": "execute_result"
    }
   ],
   "source": [
    "ylims = collect( extrema(Matrix(select(df, r\"y\"))) .+ (-1, 1) )\n"
   ]
  },
  {
   "cell_type": "markdown",
   "metadata": {},
   "source": [
    "## Reproduction of Plots\n",
    "\n",
    "We will use the `GLM` package to fit the regression lines. We will shot that the coefficients are identical for every regression model:"
   ]
  },
  {
   "cell_type": "code",
   "execution_count": 18,
   "metadata": {},
   "outputs": [
    {
     "data": {
